#x0 surface bedrooms price
1   2104   3   399900
1   1600   3   329900
1   2400   3   369000
1   1416   2   232000
1   3000   4   539900
1   1985   4   299900
1   1534   3   314900
1   1427   3   198999
1   1380   3   212000
1   1494   3   242500
1   1940   4   239999
1   2000   3   347000
1   1890   3   329999
1   4478   5   699900
1   1268   3   259900
1   2300   4   449900
1   1320   2   299900
1   1236   3   199900
1   2609   4   499998
1   3031   4   599000
1   1767   3   252900
1   1888   2   255000
1   1604   3   242900
1   1962   4   259900
1   3890   3   573900
1   1100   3   249900
1   1458   3   464500
1   2526   3   469000
1   2200   3   475000
1   2637   3   299900
1   1839   2   349900
1   1000   1   169900
1   2040   4   314900
1   3137   3   579900
1   1811   4   285900
1   1437   3   249900
1   1239   3   229900
1   2132   4   345000
1   4215   4   549000
1   2162   4   287000
1   1664   2   368500
1   2238   3   329900
1   2567   4   314000
1   1200   3   299000
1   852   2   179900
1   1852   4   299900
1   1203   3   239500
